6.211408903808482 0 12.422817807616964
18.634226711425445 0 12.422817807616964
31.057044519042407 0 12.422817807616962
43.47986232665937 0 12.422817807616966
55.90268013427634 0 12.422817807616966
68.3254979418933 0 12.422817807616958
80.74831574951025 0 12.422817807616966
93.17113355712723 0 12.422817807616966
105.59395136474419 0 12.422817807616966
118.01676917236117 0 12.422817807616966
130.43958697997812 0 12.422817807616966
142.8624047875951 0 12.422817807616951
155.28522259521205 0 12.42281780761698
167.708040402829 0 12.422817807616951
180.13085821044598 0 12.42281780761698
192.55367601806296 0 12.422817807616951
204.97649382567988 0 12.422817807616951
217.39931163329686 0 12.42281780761698
229.82212944091384 0 12.422817807616951
242.2449472485308 0 12.42281780761698
254.66776505614774 0 12.422817807616951
267.0905828637647 0 12.42281780761698
279.5134006713817 0 12.42281780761698
291.9362184789986 0 12.422817807616923
304.3590362866156 1 12.42281780761698
316.7818540942326 2 12.42281780761698
329.20467190184957 3 12.422817807616923
341.6274897094665 16 12.42281780761698
354.05030751708347 84 12.42281780761698
366.47312532470045 418 12.42281780761698
378.89594313231737 1952 12.422817807616923
391.31876093993435 2991 12.42281780761698
403.74157874755133 2212 12.42281780761698
416.1643965551683 1041 12.422817807616923
428.58721436278523 274 12.42281780761698
441.0100321704022 112 12.42281780761698
453.4328499780192 76 12.42281780761698
465.8556677856361 59 12.422817807616923
478.2784855932531 64 12.42281780761698
490.7013034008701 66 12.42281780761698
503.12412120848705 55 12.422817807616923
515.546939016104 47 12.42281780761698
527.9697568237209 47 12.42281780761698
540.392574631338 36 12.42281780761698
552.8153924389549 28 12.42281780761698
565.238210246572 24 12.42281780761698
577.6610280541888 30 12.422817807616866
590.0838458618057 20 12.42281780761698
602.5066636694228 20 12.42281780761698
614.9294814770396 21 12.42281780761698
627.3522992846567 26 12.42281780761698
639.7751170922736 19 12.42281780761698
652.1979348998907 17 12.42281780761698
664.6207527075076 16 12.422817807616866
677.0435705151244 12 12.42281780761698
689.4663883227415 22 12.42281780761698
701.8892061303584 15 12.42281780761698
714.3120239379755 13 12.42281780761698
726.7348417455923 17 12.42281780761698
739.1576595532094 14 12.42281780761698
751.5804773608263 16 12.422817807616866
764.0032951684432 12 12.42281780761698
776.4261129760603 15 12.42281780761698
788.8489307836771 12 12.42281780761698
801.2717485912942 8 12.42281780761698
813.6945663989111 7 12.42281780761698
826.1173842065282 7 12.42281780761698
838.540202014145 4 12.422817807616866
850.9630198217619 0 12.42281780761698
863.385837629379 1 12.42281780761698
875.8086554369959 4 12.42281780761698
888.231473244613 2 12.42281780761698
900.6542910522298 2 12.42281780761698
913.0771088598469 4 12.42281780761698
925.4999266674638 2 12.422817807616866
937.9227444750807 3 12.42281780761698
950.3455622826978 2 12.42281780761698
962.7683800903146 2 12.42281780761698
975.1911978979317 2 12.42281780761698
987.6140157055486 1 12.42281780761698
1000.0368335131657 0 12.42281780761698
1012.4596513207825 2 12.422817807616866
1024.8824691283994 1 12.422817807617093
1037.3052869360165 1 12.422817807616866
1049.7281047436336 1 12.422817807617093
1062.1509225512505 3 12.422817807616866
1074.5737403588673 2 12.422817807616866
1086.9965581664842 0 12.422817807617093
1099.4193759741013 2 12.422817807616866
1111.8421937817184 3 12.422817807617093
1124.2650115893352 1 12.422817807616866
1136.687829396952 0 12.422817807617093
1149.1106472045692 0 12.422817807616866
1161.533465012186 0 12.422817807616866
1173.9562828198032 0 12.422817807617093
1186.37910062742 1 12.422817807616866
1198.801918435037 1 12.422817807617093
1211.224736242654 1 12.422817807616866
1223.647554050271 0 12.422817807617093
1236.070371857888 0 12.422817807616866
1248.4931896655048 1 12.422817807616866
1260.9160074731217 0 12.422817807617093
1273.3388252807388 1 12.422817807616866
1285.7616430883559 1 12.422817807617093
1298.1844608959727 0 12.422817807616866
1310.6072787035896 0 12.422817807617093
1323.0300965112067 1 12.422817807616866
1335.4529143188236 0 12.422817807616866
1347.8757321264407 0 12.422817807617093
1360.2985499340575 0 12.422817807616866
1372.7213677416744 0 12.422817807617093
1385.1441855492915 0 12.422817807616866
1397.5670033569086 0 12.422817807617093
1409.9898211645254 0 12.422817807616866
1422.4126389721423 0 12.422817807616866
1434.8354567797592 0 12.422817807617093
1447.2582745873763 0 12.422817807616866
1459.6810923949934 0 12.422817807617093
1472.1039102026102 0 12.422817807616866
1484.526728010227 0 12.422817807617093
1496.9495458178442 0 12.422817807616866
1509.372363625461 0 12.422817807616866
1521.7951814330781 0 12.422817807617093
1534.217999240695 0 12.422817807616866
1546.6408170483119 0 12.422817807617093
1559.063634855929 0 12.422817807616866
1571.486452663546 0 12.422817807617093
1583.909270471163 0 12.422817807616866
1596.3320882787798 0 12.422817807616866
1608.7549060863967 0 12.422817807617093
1621.1777238940138 0 12.422817807616866
1633.6005417016308 0 12.422817807617093
1646.0233595092477 0 12.422817807616866
1658.4461773168646 0 12.422817807617093
1670.8689951244817 0 12.422817807616866
1683.2918129320985 0 12.422817807616866
1695.7146307397156 0 12.422817807617093
1708.1374485473325 0 12.422817807616866
1720.5602663549494 0 12.422817807617093
1732.9830841625665 0 12.422817807616866
1745.4059019701835 0 12.422817807617093
1757.8287197778004 0 12.422817807616866
1770.2515375854173 0 12.422817807616866
1782.6743553930341 0 12.422817807617093
1795.0971732006512 0 12.422817807616866
1807.5199910082683 0 12.422817807617093
1819.9428088158852 0 12.422817807616866
1832.365626623502 0 12.422817807617093
1844.7884444311192 0 12.422817807616866
1857.211262238736 0 12.422817807616866
1869.6340800463531 0 12.422817807617093
1882.05689785397 0 12.422817807616866
1894.4797156615869 0 12.422817807617093
1906.902533469204 0 12.422817807616866
1919.325351276821 0 12.422817807617093
1931.748169084438 0 12.422817807616866
1944.1709868920548 0 12.422817807616866
1956.5938046996716 0 12.422817807617093
1969.0166225072887 0 12.422817807616866
1981.4394403149058 0 12.422817807617093
1993.8622581225227 0 12.422817807616866
2006.2850759301396 0 12.422817807617093
2018.7078937377566 0 12.422817807616866
2031.1307115453735 0 12.422817807616866
2043.5535293529904 0 12.422817807616866
2055.9763471606075 0 12.42281780761732
2068.399164968225 0 12.422817807616866
2080.821982775841 0 12.422817807616866
2093.2448005834585 0 12.422817807616866
2105.6676183910754 0 12.42281780761732
2118.0904361986923 0 12.422817807616866
2130.5132540063096 0 12.422817807616866
2142.936071813926 0 12.422817807616866
2155.3588896215433 0 12.422817807616866
2167.78170742916 0 12.42281780761732
2180.204525236777 0 12.422817807616866
2192.6273430443944 0 12.422817807616866
2205.050160852011 0 12.422817807616866
2217.472978659628 0 12.422817807616866
2229.895796467245 0 12.42281780761732
2242.318614274862 0 12.422817807616866
2254.741432082479 0 12.422817807616866
2267.1642498900956 0 12.422817807616866
2279.587067697713 0 12.42281780761732
2292.00988550533 0 12.422817807616866
2304.4327033129466 0 12.422817807616866
2316.855521120564 0 12.422817807616866
2329.2783389281803 0 12.422817807616866
2341.7011567357977 0 12.42281780761732
2354.123974543415 0 12.422817807616866
2366.5467923510314 0 12.422817807616866
2378.9696101586487 0 12.422817807616866
2391.392427966265 0 12.422817807616866
2403.8152457738825 0 12.42281780761732
2416.2380635815 0 12.422817807616866
2428.660881389116 0 12.422817807616866
2441.0836991967335 0 12.422817807616866
2453.5065170043504 0 12.42281780761732
2465.9293348119672 0 12.422817807616866
2478.3521526195846 0 12.422817807616866
2490.774970427201 0 12.422817807616866
2503.1977882348183 0 12.422817807616866
2515.620606042435 0 12.42281780761732
2528.043423850052 0 12.422817807616866
2540.4662416576693 0 12.422817807616866
2552.8890594652858 1 12.422817807616866
2556.050234184547 0 -6.100468369094415