1124
404
362
432
372
393
391
403
376
398
368
393
461
390
376
387
381
384
416
392
379
413
385
376
367
399
368
396
391
403
394
371
380
406
386
384
403
372
376
395
403
402
392
405
397
409
405
386
375
381
385
502
376
513
395
405
381
394
386
395
383
389
376
399
380
407
402
394
655
404
387
382
381
387
385
411
388
375
383
389
423
404
388
383
407
400
378
1115
374
390
396
393
380
387
386
353
408
391
379
400
383
449
376
387
409
388
496
386
396
384
410
525
385
391
393
441
499
382
400
409
369
458
387
380
392
383
410
395
377
389
393
387
386
401
392
396
393
385
383
410
383
403
400
418
391
377
384
392
393
418
392
394
386
377
369
401
380
407
402
402
385
384
389
377
412
378
393
410
433
361
385
396
401
409
396
406
398
380
396
385
376
378
389
378
386
398
393
394
399
415
396
377
381
402
396
385
406
392
388
384
396
385
377
394
400
417
405
392
384
390
391
398
399
493
389
414
390
388
401
394
572
436
383
389
398
406
441
556
403
380
397
395
391
391
381
378
388
382
378
404
396
390
367
391
417
377
378
396
385
401
397
385
386
385
394
388
391
388
407
415
386
385
406
393
378
401
375
399
396
385
387
386
389
395
402
385
405
389
382
373
387
373
384
391
397
388
393
386
390
387
395
384
387
378
384
387
383
402
381
406
390
402
405
395
406
376
385
395
407
400
391
390
391
389
385
389
391
385
382
458
392
416
416
389
393
375
381
396
381
393
401
385
419
362
387
398
394
354
383
378
387
379
402
389
427
382
399
424
390
392
408
405
369
391
389
392
383
411
395
390
398
385
373
386
398
394
398
384
412
411
402
392
380
381
399
402
398
588
409
392
407
398
376
424
399
391
393
404
383
390
419
398
377
426
420
776
439
379
389
402
421
721
368
382
390
387
393
397
406
391
407
387
395
385
385
389
360
392
400
365
387
564
384
401
382
392
392
402
400
388
374
388
386
376
387
390
385
390
412
398
396
414
389
374
410
385
390
381
420
369
395
383
401
393
381
389
397
394
399
436
376
401
417
378
480
392
766
377
391
397
373
440
394
408
389
426
471
381
403
400
396
411
391
394
395
406
379
404
404
410
501
411
394
380
381
397
377
407
389
387
483
387
394
398
783
383
395
407
403
395
387
410
405
389
396
380
407
399
492
390
377
505
375
390
381
385
402
385
423
399
389
387
400
402
394
365
399
393
402
403
389
394
397
395
395
384
422
399
396
419
379
384
388
410
380
389
386
609
385
395
407
387
392
395
393
371
414
759
388
388
398
390
414
386
384
383
390
399
399
396
379
416
401
382
389
371
384
391
399
395
394
408
413
392
394
387
392
385
392
395
408
382
380
534
398
384
380
400
389
408
382
401
455
398
386
391
408
368
405
395
389
383
395
396
398
464
388
375
390
404
397
383
391
412
415
394
397
386
390
387
410
392
401
375
406
389
409
417
403
383
408
393
378
400
415
362
406
376
418
407
357
406
420
375
497
393
394
386
418
425
388
386
397
387
402
383
389
401
396
373
379
389
418
399
477
391
398
392
391
397
381
384
385
371
423
378
383
377
383
402
409
374
484
373
396
376
392
396
475
378
388
387
380
423
401
386
394
386
374
389
396
402
386
384
413
383
403
376
384
384
389
377
390
424
393
407
385
395
382
390
378
386
405
417
397
396
401
382
388
385
384
396
409
400
397
627
397
395
387
389
398
400
390
391
390
390
388
407
406
396
460
398
407
411
392
393
416
367
410
384
384
458
413
387
408
383
469
388
389
386
408
412
399
392
384
392
379
413
385
392
383
400
404
399
387
387
385
397
399
368
389
398
386
428
404
381
473
413
389
395
371
403
390
394
385
388
414
383
399
392
395
410
388
394
408
395
611
389
415
372
377
400
402
411
380
386
384
406
398
396
397
380
401
411
422
499
411
390
394
381
406
392
392
392
386
366
381
392
390
413
390
390
380
394
408
398
386
393
387
413
389
380
395
403
380
397
408
386
398
399
411
399
400
387
436
415
413
380
402
393
435
382
395
405
387
402
351
402
480
387
395
387
386
482
382
388
362
407
390
522
362
401
384
380
385
400
475
402
400
394
454
388
407
371
417
406
410
362
385
401
403
388
401
379
416
380
405
386
413
387
423
389
395
385
397
389
389
418
414
399
395
390
382
402
396
404
503
394
393
387
390
371
375
388
383
386
372
394
384
392
379
464
397
402
388
382
394
399
372
381
381
376
364
391
392
386
376
395
383
386
385
479
384
388
397
395
384
395
390
401
377
392
376
386
403
402
380
394
379
386
399
401
395
399
368
375
366
450
744
404
382
393
379
497
372
410
385
386
558
416
399
397
369
400
379
419
407
492
398
384
398
395
375
408
378
420
390
452
401
422
374
401
385
388
363
388
374
383
390
400
392
383
397
400
379
394
398
378
421
379
395
430
399
379
398
377
391
422
414
388
423
384
387
385
392
416
394
366
397
384
378
406
386
380
415
391
420
383
407
492
410
406
389
384
407
398
380
383
388
401
397
482
382
397
411
431
388
390
375
400
400
415
392
406
424
388
396
573
396
407
379
382
467
405
378
376
385
403
396
381
386
391
406
752
440
437
408
386
390
389
368
372
400
383
371
401
404
375
399
392
409
378
406
398
377
387
399
379
390
383
412
389
358
1065
366
400
388
381
389
409
447
405
395
389
393
398
385
393
393
419
396
387
519
416
385
385
392
405
411
402
385
387
416
386
393
371
393
380
395
394
390
389
396
382
384
385
373
378
396
383
386
400
398
393
399
373
410
382
398
384
401
389
396
408
379
391
394
386
391
415
414
395
389
410
392
433
408
380
387
409
385
401
428
384
384
401
392
373
470
403
392
571
380
397
371
398
388
382
406
400
392
366
409
461
389
395
396
408
384
404
384
388
386
377
404
407
378
404
395
401
394
382
537
379
384
386
416
508
386
407
395
417
397
386
571
384
411
389
393
422
423
388
388
365
426
407
411
400
395
375
398
398
402
368
390
398
401
398
402
390
371
398
380
358
385
369
415
392
391
463
381
380
403
402
520
424
480
402
392
383
397
407
380
438
389
368
408
385
404
394
380
377
388
381
397
399
409
387
485
373
390
351
380
469
403
395
508
426
416
373
383
399
508
376
398
381
392
400
397
402
392
400
392
396
391
395
409
433
423
404
385
398
381
388
378
393
405
409
391
392
400
413
394
415
400
399
473
393
479
389
402
385
386
380
411
398
380
374
381
374
385
382
417
379
405
552
359
460
411
373
366
414
398
367
385
405
391
382
387
425
388
369
377
399
572
395
384
383
423
408
402
389
387
377
389
418
351
405
388
386
378
398
382
376
808
405
404
388
421
411
413
405
378
400
399
387
362
405
391
418
385
395
395
369
390
366
390
392
371
474
387
405
393
397
643
350
410
376
362
405
403
412
395
386
395
655
384
380
651
397
434
408
407
463
423
386
385
379
435
406
398
388
405
390
387
439
399
390
404
402
416
390
458
370
410
393
388
395
409
395
394
382
379
370
611
403
384
360
383
365
376
377
397
398
627
400
379
377
391
382
403
402
572
407
408
402
386
389
398
414
460
401
378
377
380
420
412
402
405
391
383
405
391
391
399
421
620
367
398
400
385
389
392
383
408
373
397
417
391
825
379
366
406
390
398
400
407
431
426
401
403
391
400
406
392
363
373
381
384
402
408
457
397
380
377
412
385
413
435
403
417
382
400
405
411
399
411
401
384
378
384
389
403
385
400
379
381
398
399
392
396
427
385
392
394
420
520
384
383
379
412
388
390
366
396
418
386
413
386
386
441
386
397
395
399
401
384
379
420
394
386
386
389
430
395
395
390
383
381
388
390
388
399
407
387
392
397
397
385
388
374
399
388
380
379
405
403
402
399
389
398
394
392
404
420
434
418
394
401
384
395
409
384
394
380
402
418
387
378
392
385
426
383
404
394
412
387
385
380
403
388
395
362
389
399
409
390
386
388
376
408
386
393
379
385
394
505
396
386
386
418
414
404
405
396
405
392
400
372
380
399
372
402
395
407
381
393
398
393
379
400
405
872
407
408
409
385
401
396
408
469
387
396
376
414
389
388
965
386
405
405
386
487
389
397
410
372
383
399
389
387
396
390
392
362
390
395
391
377
390
389
387
385
388
388
391
392
391
392
362
395
368
388
408
387
480
381
385
384
373
413
397
393
449
391
412
382
382
385
392
394
418
391
518
383
396
379
400
396
398
450
363
445
474
372
398
381
410
394
397
407
386
379
384
386
388
407
414
382
391
390
379
382
409
387
543
398
398
390
379
393
405
576
398
398
378
396
423
391
425
411
390
360
391
409
498
397
380
404
390
405
404
384
395
387
389
408
373
398
463
395
383
498
407
396
387
393
393
398
387
399
388
392
401
384
389
387
383
377
392
685
385
398
382
406
397
389
388
371
388
495
402
394
401
389
402
396
367
386
386
412
407
389
412
649
400
387
407
393
378
383
384
466
380
383
408
379
381
397
387
397
404
400
380
397
400
405
399
381
381
394
398
388
391
391
379
389
384
399
398
388
391
454
386
394
407
386
369
391
403
395
410
376
390
402
400
389
390
400
385
376
378
492
382
385
397
386
392
395
586
406
369
388
389
400
402
451
397
400
403
382
406
380
391
397
419
378
381
387
393
398
371
387
505
396
381
390
387
376
393
410
378
384
379
401
417
492
392
409
403
408
416
384
386
413
425
496
384
400
390
411
380
387
404
383
382
379
388
366
382
412
380
393
389
411
387
385
484
372
410
444
386
366
414
393
448
371
398
384
399
400
395
394
393
408
417
382
384
395
384
392
398
375
399
396
475
375
376
430
393
395
370
388
416
395
398
402
386
407
380
377
370
392
385
399
387
403
374
399
380
401
392
398
397
409
397
368
399
404
391
423
361
384
393
417
385
414
416
368
396
394
387
391
394
401
515
376
387
397
399
626
377
412
397
391
384
400
384
428
378
393
397
384
405
409
395
388
386
370
399
370
374
405
395
373
362
385
394
405
403
380
380
381
394
526
409
448
386
397
378
404
393
408
399
392
514
483
399
403
411
379
407
393
390
402
385
387
383
385
373
380
487
385
398
400
402
393
378
404
394
397
662
385
399
402
394
517
399
395
397
518
358
405
403
426
494
388
356
387
401
403
388
404
400
394
386
388
377
367
389
472
397
411
404
412
393
404
372
386
397
382
388
393
407
390
416
646
368
355
385
387
433
383
419
379
382
409
393
389
383
404
387
397
395
391
382
384
406
374
413
396
392
390
405
388
391
407
412
358
395
383
388
398
405
384
514
399
396
375
399
385
390
395
376
394
380
415
411
384
410
382
402
396
380
382
390
379
404
399
390
391
387
390
387
374
391
404
390
469
397
404
424
371
401
405
371
420
394
385
397
395
396
410
388
398
393
382
379
402
378
394
431
419
414
403
386
381
409
401
397
391
424
409
403
411
403
412
386
386
382
388
421
379
518
404
363
410
420
370
385
391
397
384
390
386
399
414
476
393
404
412
398
379
399
412
386
378
379
398
386
390
381
383
406
428
457
381
385
409
386
474
398
386
386
392
449
387
388
401
387
395
418
401
373
395
396
378
407
397
417
481
421
385
378
493
418
413
376
416
408
412
503
395
391
393
387
387
399
400
409
502
417
407
385
401
386
394
399
389
381
393
412
371
376
396
378
408
371
390
375
402
482
383
387
372
390
397
387
384
396
399
373
391
375
392
388
394
378
386
377
375
371
407
381
398
381
408
401
386
394
386
392
400
380
415
366
403
397
377
380
389
374
384
381
411
362
407
402
387
410
379
402
396
393
366
393
396
391
397
419
364
389
408
382
384
376
405
393
400
422
400
400
387
430
394
436
383
389
374
390
395
392
375
387
395
368
406
389
392
402
385
401
385
393
394
400
361
637
407
403
406
405
393
412
394
394
424
384
381
391
410
410
390
383
390
372
402
382
376
414
436
385
398
402
404
541
397
393
382
486
366
376
398
397
399
370
418
402
368
361
409
412
389
389
385
380
379
398
363
372
376
397
402
371
374
413
412
407
372
394
385
391
399
390
381
412
392
376
382
402
400
381
413
400
403
417
371
384
374
401
405
412
418
389
378
487
383
389
385
410
421
427
385
400
389
382
375
396
396
388
403
746
461
386
386
399
385
515
382
401
401
380
381
408
384
375
368
397
375
625
438
391
392
819
526
367
379
357
390
401
410
391
406
402
389
392
396
392
391
387
384
452
410
384
368
382
390
410
393
420
420
619
404
391
385
391
380
387
362
385
408
401
389
392
388
389
390
477
373
387
406
369
412
397
394
383
400
377
386
399
538
395
412
408
361
744
516
405
411
396
403
392
410
381
405
384
385
393
391
383
401
396
413
385
380
400
396
393
391
371
424
385
379
587
387
384
390
391
404
359
423
403
394
384
401
388
363
387
377
388
376
375
404
399
397
412
408
391
366
402
392
408
383
403
407
394
378
399
390
401
393
405
397
387
389
383
404
387
399
382
382
389
370
395
402
408
384
383
376
372
391
394
389
402
405
394
404
388
379
387
378
391
385
411
417
447
389
370
387
385
410
405
408
382
396
403
386
389
400
412
407
391
379
404
379
515
361
384
395
411
411
411
529
420
384
395
413
381
409
411
394
404
385
412
383
395
515
403
406
399
382
381
370
460
402
400
394
379
414
382
405
401
419
395
410
378
382
385
382
389
399
437
388
382
383
397
396
395
404
421
396
407
393
468
381
387
379
390
400
435
398
572
385
394
434
400
393
386
391
385
405
404
377
386
415
407
398
393
386
471
389
418
374
573
384
430
359
502
426
525
417
391
416
383
404
385
370
394
376
561
415
409
491
389
366
413
385
402
432
388
401
397
399
395
394
421
403
394
421
393
404
416
395
396
368
401
411
434
547
394
364
493
387
412
379
365
397
383
536
386
484
453
452
550
393
417
528
385
377
411
395
403
375
392
398
401
396
371
384
402
383
386
405
395
398
401
409
404
411
404
395
386
407
391
388
428
363
591
403
373
302
349
392
504
452
418
420
1058
398
399
572
586
393
400
362
367
398
410
418
408
383
379
409
390
393
405
413
377
404
388
386
371
395
438
375
389
398
414
372
436
395
408
383
379
409
523
384
385
376
384
404
640
388
396
383
397
405
396
378
402
406
395
403
394
394
748
580
392
413
392
380
381
387
761
394
378
499
377
600
769
368
380
389
412
376
388
407
379
395
385
372
408
396
403
403
362
386
402
407
392
414
421
411
402
419
384
397
378
382
380
397
414
402
383
390
388
373
389
436
392
414
387
399
389
405
388
384
410
432
377
398
394
375
398
394
403
412
393
375
409
395
383
382
412
413
393
409
394
381
429
406
415
404
404
392
404
406
416
388
392
358
381
400
412
402
396
386
384
376
398
407
391
399
382
410
406
409
430
394
409
389
410
386
394
381
376
382
402
383
395
404
386
402
396
388
416
406
410
392
386
421
413
424
400
379
394
405
400
390
398
381
395
389
573
384
387
442
410
406
394
408
406
396
408
398
434
389
413
395
413
380
384
399
384
406
370
413
397
396
408
395
389
397
410
399
400
422
391
383
392
406
384
402
378
418
393
398
378
383
884
393
403
402
392
380
414
409
389
408
408
411
437
553
694
400
601
576
378
383
398
400
393
399
409
391
442
390
398
401
426
391
384
402
401
408
422
407
378
388
394
415
481
403
404
390
402
383
376
433
397
412
379
366
409
383
390
400
400
403
416
394
404
402
404
394
391
417
387
414
407
397
383
382
402
400
401
422
383
491
375
396
376
421
411
384
407
385
390
374
408
397
410
403
369
379
401
383
387
399
383
373
383
383
387
383
405
404
406
401
390
387
417
402
510
414
401
400
399
408
399
378
420
401
396
394
395
424
406
396
371
416
425
393
381
398
350
350
399
392
386
405
413
393
384
401
411
402
479
402
416
387
399
400
400
387
411
503
401
402
381
415
407
395
394
400
418
379
400
393
421
381
386
403
388
382
391
387
801
412
403
394
390
386
433
407
401
421
376
370
377
385
399
593
416
412
456
423
459
452
720
707
424
409
419
504
347
403
580
396
395
400
385
368
389
402
392
397
408
405
685
767
425
700
710
409
692
631
367
743
434
385
393
394
422
382
379
383
394
403
384
435
389
406
422
378
423
793
386
393
393
391
398
387
381
743
402
404
420
386
383
399
377
401
398
395
379
401
386
492
378
400
386
392
399
409
385
420
402
392
379
394
384
402
389
407
385
389
427
398
402
416
384
410
403
379
385
372
416
390
386
414
392
365
385
355
378
400
781
380
398
398
391
421
381
707
389
381
387
407
385
387
409
399
405
406
375
396
386
385
385
402
394
382
397
412
381
401
383
419
405
407
366
397
388
361
408
393
405
391
391
385
373
448
401
376
394
393
391
396
396
398
416
413
363
389
387
401
401
392
381
393
423
395
730
387
398
405
388
409
390
664
386
403
378
376
386
411
393
401
407
397
442
407
429
388
409
411
412
410
406
369
400
426
377
433
394
501
390
430
407
427
396
390
388
404
393
409
389
393
402
403
386
383
359
408
398
382
397
388
390
446
397
386
398
409
405
427
419
791
428
429
409
402
400
398
421
426
408
367
389
399
379
385
389
417
411
359
664
371
383
396
394
377
389
390
418
412
406
365
416
379
386
482
393
376
407
407
405
398
401
394
397
383
387
405
407
384
396
370
395
405
405
389
388
402
409
393
412
359
410
390
370
393
456
410
444
391
400
385
371
430
405
395
390
399
385
407
353
383
363
373
397
391
408
395
381
388
487
737
358
397
399
490
409
387
393
390
382
377
381
390
388
387
370
692
432
363
388
398
376
407
374
384
394
385
399
397
404
399
403
384
419
377
411
411
633
383
389
387
410
384
425
414
405
402
424
392
381
390
384
405
392
382
428
393
390
404
390
387
379
401
441
368
392
513
452
614
351
382
442
389
386
385
402
394
371
380
409
392
410
377
407
402
421
427
385
382
372
375
385
396
407
380
396
411
404
382
381
430
402
399
371
694
391
590
672
388
377
403
404
408
420
419
394
399
394
384
413
405
387
549
383
386
390
421
401
374
369
695
395
420
407
418
421
402
397
381
396
408
397
395
389
386
397
396
463
408
475
399
387
385
379
468
409
434
394
424
385
380
386
371
393
399
379
407
370
390
388
394
396
400
385
417
410
415
398
402
399
419
382
393
475
493
542
749
385
375
386
394
403
415
387
402
503
385
379
382
395
460
400
415
408
415
372
395
400
419
394
380
368
375
413
392
416
399
412
391
383
402
391
413
409
372
397
393
390
394
393
389
392
406
388
395
385
376
399
393
406
385
404
424
392
401
403
391
383
388
395
396
406
389
397
391
391
419
391
380
378
395
406
404
406
386
400
391
406
373
409
416
419
460
382
392
372
406
402
387
403
393
397
397
392
435
419
434
399
394
389
408
391
398
383
396
377
402
404
400
390
404
391
389
380
422
397
372
395
394
402
417
429
412
360
425
395
406
401
403
405
419
388
380
404
389
392
374
385
403
384
413
381
403
387
385
387
387
399
407
393
405
411
381
411
386
393
384
391
387
400
422
419
382
402
401
427
371
384
398
405
395
506
405
390
382
383
407
395
381
375
382
381
402
372
374
395
387
381
398
417
407
389
401
392
405
432
376
404
421
397
399
430
420
423
1105
399
414
384
418
379
384
412
369
418
394
408
416
400
416
387
395
383
395
396
399
393
420
395
405
509
525
419
420
397
413
377
412
363
389
400
399
446
407
392
415
418
830
404
448
388
404
389
408
429
398
410
411
391
406
402
398
405
399
421
399
373
380
417
392
404
399
412
403
388
393
402
416
406
400
394
392
372
388
389
388
409
410
418
397
411
412
424
420
394
395
419
437
387
403
409
389
405
384
401
406
419
426
385
385
417
405
382
408
455
449
416
393
426
403
399
388
389
398
427
402
408
395
401
390
387
416
390
408
406
412
413
459
396
409
384
379
406
410
407
388
395
395
381
393
416
401
396
391
388
403
393
387
404
388
423
417
418
407
381
396
618
390
400
396
406
388
401
549
387
378
405
410
371
386
382
394
392
421
404
382
428
405
388
388
389
394
403
380
413
532
383
382
362
396
422
593
398
389
387
390
378
394
507
373
399
397
395
393
401
388
384
387
394
410
374
368
385
406
363
385
422
385
428
398
416
398
408
409
407
417
385
391
393
410
384
387
395
390
364
387
404
382
390
399
400
390
417
400
429
384
377
381
406
389
400
382
408
411
394
404
394
380
388
397
410
391
395
396
381
390
390
393
411
423
402
395
379
442
427
369
399
386
381
397
396
398
383
402
418
399
417
387
404
414
397
385
419
372
403
398
400
386
372
393
412
396
379
397
382
388
395
381
401
396
385
417
402
409
387
411
397
402
417
419
373
398
395
371
394
394
411
412
399
404
386
412
383
390
385
357
396
388
410
402
416
397
411
399
416
401
428
413
380
391
434
412
380
396
405
394
381
411
413
398
396
385
401
398
391
391
408
395
402
394
378
376
403
429
395
411
400
419
409
379
411
383
409
355
397
378
423
503
412
400
376
399
393
385
396
406
411
408
397
413
399
491
394
390
381
394
407
394
401
398
402
412
347
461
396
401
423
370
400
356
382
385
410
387
385
444
392
411
398
410
413
395
407
384
409
387
385
383
400
410
375
380
383
394
385
379
505
410
500
384
422
376
372
382
397
391
393
399
392
400
402
365
389
400
371
381
387
386
378
375
379
409
385
392
386
384
399
409
388
387
381
411
403
427
404
406
390
416
398
397
387
396
501
435
399
389
411
376
397
408
407
393
390
402
390
367
397
397
384
378
414
387
408
398
400
388
399
384
408
373
410
387
393
396
428
407
391
390
403
403
401
373
393
401
423
411
384
397
429
404
399
394
382
445
398
402
400
397
390
420
409
395
410
401
430
390
426
379
394
390
397
380
400
401
406
380
394
403
424
400
387
365
402
506
415
394
377
394
391
405
394
383
403
414
388
410
413
376
405
408
415
421
419
394
387
399
396
393
390
393
398
395
402
398
378
382
415
384
433
376
373
400
395
397
386
405
418
394
402
394
400
403
477
386
393
401
394
403
376
375
406
393
420
399
418
373
383
410
383
392
385
393
401
392
388
382
418
414
393
392
392
384
493
372
410
397
407
386
473
399
419
396
389
381
378
406
381
395
411
400
395
371
395
376
380
413
398
407
388
387
410
413
393
399
415
389
402
384
410
399
390
413
396
369
402
393
396
386
386
402
405
385
410
412
389
413
382
396
438
376
408
387
391
386
423
381
410
407
412
414
407
406
404
386
394
366
384
378
393
386
402
381
394
380
411
406
387
391
418
415
385
411
392
364
409
415
393
404
406
397
409
374
404
374
372
408
406
386
408
381
392
393
412
416
412
396
389
377
421
396
384
421
397
411
388
389
415
438
403
412
406
388
377
381
374
399
390
394
384
372
413
398
459
405
387
395
403
382
412
384
375
391
396
786
408
412
413
367
388
392
386
407
417
352
400
408
803
392
393
389
380
406
399
358
416
384
385
380
388
393
394
381
396
396
415
393
388
361
385
373
414
444
383
404
397
382
402
379
411
396
384
396
402
389
371
393
415
408
390
385
410
418
393
373
405
396
403
403
406
425
381
399
367
408
406
410
405
380
415
374
391
397
392
514
401
401
384
388
390
396
385
406
412
378
377
376
435
403
408
400
376
379
382
392
391
368
392
370
387
395
393
398
420
385
388
389
402
396
367
385
381
403
415
375
467
405
377
405
409
416
380
381
376
397
383
401
398
374
399
388
396
373
382
390
394
405
379
392
377
382
415
392
376
382
405
409
364
389
387
383
379
400
402
382
404
379
384
404
390
476
400
398
401
386
395
387
399
386
397
392
403
393
416
408
407
378
387
394
394
391
393
416
389
402
383
381
382
395
409
412
400
396
408
394
353
397
395
400
388
387
449
400
384
407
398
377
372
377
400
410
384
404
388
431
390
381
385
374
382
404
415
410
381
393
426
400
391
405
393
377
413
381
413
393
407
379
382
405
389
410
410
417
405
384
410
417
382
398
393
382
397
400
390
420
400
396
390
395
386
399
382
383
381
388
390
381
395
393
396
409
368
397
361
389
378
387
401
391
409
392
423
407
397
384
378
394
382
379
388
374
407
404
399
421
388
378
407
402
388
401
392
393
392
383
376
397
388
416
406
407
401
377
379
398
396
480
373
398
374
374
377
404
407
382
369
394
387
390
408
409
387
385
388
382
408
392
394
380
402
397
390
385
409
411
380
394
393
386
375
382
393
386
404
393
389
391
406
398
390
385
402
406
391
382
377
378
402
403
397
380
392
390
378
392
404
398
411
388
384
390
409
393
411
368
404
399
388
389
387
416
421
407
391
383
392
374
371
385
397
395
400
390
396
379
385
383
396
374
425
407
424
412
422
412
408
406
382
397
385
394
424
407
410
400
385
380
415
397
387
380
390
395
438
414
425
399
396
430
450
394
663
395
382
421
535
398
419
404
397
391
426
814
390
398
400
383
389
382
381
408
391
429
385
409
396
378
401
375
402
396
394
395
367
471
397
421
707
394
388
385
376
387
397
393
414
382
391
414
397
409
385
412
410
400
377
389
409
397
383
381
793
415
373
391
366
392
391
391
403
553
408
380
501
373
405
1026
361
379
395
379
391
394
420
408
374
401
393
496
340
394
383
383
431
531
385
419
417
415
379
403
370
410
386
394
381
403
541
491
394
511
409
432
518
336
530
350
385
529
570
449
386
381
390
389
396
473
372
537
669
361
643
370
393
393
397
384
382
442
428
382
379
375
393
506
416
375
422
366
402
381
382
384
462
398
723
495
555
645
778
431
545
537
462
508
515
407
509
769
726
495
459
981
778
732
429
424
902
739
684
782
750
394
785
563
746
691
585
780
564
395
432
375
381
375
414
398
435
490
387
465
583
577
414
578
556
605
647
773
1069
790
1272
772
795
723
841
574
586
376
422
727
802
717
332
759
419
405
497
571
495
729
799
840
1109
411
441
437
385
390
387
715
394
382
694
662
379
412
370
384
404
909
363
610
658
774
830
1010
477
511
490
657
1076
732
385
600
843
410
544
383
364
427
714
407
398
650
518
707
480
406
718
423
690
431
429
781
918
448
494
666
478
553
624
749
1250
414
443
739
506
755
800
942
954
468
447
428
458
424
624
458
441
554
678
550
597
648
415
955
939
762
723
641
455
581
626
371
373
818
716
643
469
396
485
384
417
382
372
376
563
393
392
379
402
544
381
372
868
382
625
447
388
762
688
354
366
387
410
522
384
405
383
384
411
411
450
393
401
649
381
389
783
400
400
400
418
438
394
387
410
395
411
389
370
404
401
384
440
410
520
393
342
391
499
372
395
370
383
599
386
491
372
371
381
447
565
384
401
422
465
358
392
423
375
487
715
508
385
355
391
429
540
529
422
587
599
470
811
387
454
388
383
396
636
395
383
392
693
379
403
322
505
432
368
386
396
373
419
453
380
383
490
416
388
347
640
389
345
417
405
492
380
521
376
602
403
382
410
395
386
398
825
613
547
619
426
421
695
698
576
465
434
451
529
402
385
669
449
416
448
502
775
443
360
964
1217
364
637
409
404
426
382
368
395
373
386
399
526
373
382
405
377
378
395
383
413
434
403
390
379
379
473
363
404
531
496
978
409
669
565
721
402
395
402
402
682
380
390
630
475
390
412
390
388
382
358
517
565
498
372
372
398
385
407
919
764
708
381
378
375
413
379
386
386
385
413
391
399
379
375
358
376
402
631
397
401
394
384
494
742
395
385
400
382
410
371
391
403
707
420
386
392
411
387
397
404
380
377
391
375
419
385
398
584
380
419
367
403
399
392
407
373
478
380
396
380
400
395
396
392
377
395
398
387
387
413
377
395
401
408
406
414
383
362
425
399
411
410
402
386
385
387
394
406
392
411
371
397
397
390
887
387
380
393
377
391
369
387
393
361
575
376
400
672
396
379
370
377
415
441
392
398
409
398
426
392
411
371
393
375
407
482
393
542
409
398
517
739
476
392
391
579
407
436
380
359
665
364
394
411
379
527
426
529
425
383
412
399
419
406
511
389
504
360
416
920
397
399
378
390
563
390
377
394
380
372
385
399
414
377
689
386
392
416
512
395
386
393
404
685
406
381
383
377
387
420
405
372
390
409
367
421
397
428
398
427
411
410
393
385
400
379
394
387
370
401
422
422
365
396
424
417
398
403
449
376
400
390
390
390
382
395
401
618
586
464
377
521
383
416
388
387
362
738
394
393
404
389
390
378
430
404
395
483
386
556
440
411
559
391
376
388
453
381
392
371
425
940
404
664
388
388
383
385
374
394
640
392
455
382
387
600
381
517
381
372
389
473
389
603
1198
389
599
372
395
405
395
409
402
396
412
386
398
367
402
447
1014
403
488
549
410
380
369
407
638
396
395
388
752
389
373
382
401
497
570
447
401
387
534
348
382
384
492
716
398
416
383
403
670
388
429
522
1039
657
422
406
406
549
525
721
671
873
462
383
751
452
432
395
378
373
407
394
402
394
374
532
556
628
599
427
507
395
556
418
388
668
382
389
394
376
764
390
543
754
385
877
336
1282
684
620
387
527
379
388
539
394
524
396
396
350
387
735
416
375
402
399
605
405
475
394
417
438
375
443
390
407
388
409
534
383
671
390
401
358
386
511
389
389
361
398
339
399
533
377
406
613
378
462
378
394
346
391
490
405
390
378
393
368
399
386
357
490
606
390
394
354
492
490
402
400
380
395
399
390
415
383
563
448
447
537
625
641
385
408
545
418
385
349
362
584
543
396
445
411
551
374
396
397
379
512
392
400
388
407
574
775
488
401
393
563
467
561
390
400
376
383
505
390
393
361
387
546
391
397
380
409
565
408
572
387
375
361
395
404
385
417
541
386
494
395
392
353
396
364
399
402
400
403
618
386
496
393
384
408
396
384
514
441
375
578
387
491
400
412
390
454
375
387
405
400
412
380
398
420
797
401
407
391
499
430
407
618
430
385
426
412
422
351
466
394
416
393
392
408
410
413
397
395
379
406
391
392
387
398
378
400
393
381
392
408
383
411
380
414
381
387
384
379
398
395
392
420
381
388
476
407
404
392
390
363
378
373
368
364
389
400
367
394
397
411
412
400
403
387
391
383
381
421
397
400
395
412
380
418
384
384
359
381
387
424
409
392
368
399
386
411
392
391
389
384
400
392
370
391
363
385
405
396
385
392
379
395
414
384
384
407
392
418
393
381
378
408
406
408
384
366
465
384
385
391
407
439
751
399
412
378
401
398
413
401
378
387
418
377
395
377
385
780
381
420
371
387
393
377
416
395
395
398
404
383
386
392
387
395
404
387
382
396
366
410
409
389
389
402
388
381
371
372
411
377
363
393
398
411
407
390
378
391
369
407
397
393
392
385
383
387
405
394
432
395
400
383
394
410
371
375
347
412
409
430
519
388
383
386
393
397
392
406
391
417
394
392
396
405
393
426
385
390
382
391
401
387
388
388
379
780
379
435
377
380
395
380
427
363
401
387
387
379
381
376
388
378
377
393
399
385
402
427
377
446
375
411
400
391
373
395
405
381
389
393
389
404
405
445
380
381
389
414
387
403
386
396
384
389
388
414
376
389
480
430
416
411
390
384
385
404
380
412
385
392
394
390
416
386
432
376
586
391
405
409
415
404
403
393
435
392
397
387
384
408
410
388
395
402
391
401
394
393
396
401
416
422
418
410
399
411
418
393
415
398
365
405
415
424
422
414
400
411
393
405
401
383
384
393
400
402
399
405
381
392
382
425
380
384
416
406
384
404
394
412
384
416
423
407
390
397
402
383
406
375
418
401
424
403
377
391
393
414
357
388
458
400
435
386
418
367
419
401
393
390
408
433
409
407
395
406
407
388
403
403
429
397
369
340
407
393
384
396
399
400
370
404
403
413
412
380
472
408
410
378
384
408
386
396
396
405
384
385
411
397
402
385
414
389
398
384
379
386
373
391
403
420
396
388
400
392
417
414
382
392
423
403
408
389
414
391
406
396
392
408
385
400
378
390
398
421
419
399
420
393
403
382
393
388
416
419
401
404
396
390
413
400
392
393
379
374
417
386
389
373
382
399
409
418
383
378
376
397
399
401
399
394
511
376
409
397
397
359
408
400
410
403
392
367
404
399
397
409
396
402
375
394
416
366
406
379
390
391
401
394
387
434
382
383
413
399
402
387
398
385
419
392
387
801
394
380
396
364
395
393
383
382
402
398
386
387
402
398
399
403
409
392
381
378
406
383
368
382
368
402
401
390
395
374
355
400
376
386
418
435
416
379
388
401
409
377
387
404
387
374
413
403
406
412
413
406
388
419
410
383
381
404
400
396
423
374
412
399
397
401
380
377
423
404
391
376
370
387
419
391
417
408
386
395
394
421
397
388
391
389
432
388
397
372
385
415
395
416
401
380
394
414
416
404
403
373
400
380
389
377
408
409
391
407
405
408
392
405
413
414
391
428
403
511
366
415
650
404
419
384
437
403
511
614
390
383
408
414
394
386
409
399
382
401
396
397
395
395
392
393
387
375
410
387
383
403
390
416
389
382
395
368
386
412
414
387
403
404
396
391
404
379
399
422
379
506
393
378
396
399
392
406
413
399
403
363
410
392
399
391
423
409
405
405
414
402
401
400
409
388
393
419
405
408
393
423
379
378
404
377
402
388
390
380
394
392
407
396
420
382
388
388
385
396
418
412
388
389
386
403
412
394
422
372
402
385
413
392
394
385
412
402
405
414
408
395
393
409
375
396
381
379
400
412
440
391
395
383
376
369
390
397
388
399
419
412
389
383
391
404
371
379
371
391
397
395
402
412
409
392
383
404
388
408
395
381
407
431
417
381
396
390
388
399
408
386
431
395
383
384
415
397
375
419
368
387
402
422
396
412
490
416
400
386
388
458
399
424
395
392
385
390
389
388
404
388
422
380
414
402
399
403
386
418
415
401
392
401
391
401
401
415
396
394
381
392
409
409
388
381
365
374
381
399
390
392
395
385
388
397
408
379
408
751
395
487
419
388
399
407
394
397
403
442
386
402
417
394
406
391
380
380
407
399
408
377
398
401
405
384
403
397
386
375
402
392
394
406
400
388
399
412
389
382
372
404
397
397
407
388
401
388
410
386
394
385
390
465
367
394
691
392
397
383
401
381
411
397
399
383
375
387
396
387
403
401
384
398
412
391
379
385
399
406
416
388
402
397
387
379
389
384
397
399
418
373
829
377
372
377
372
423
359
399
416
372
512
386
407
371
403
394
380
389
386
372
386
400
412
389
398
405
395
398
423
396
399
400
399
414
391
391
384
393
374
387
399
384
390
393
406
418
361
411
370
399
469
394
410
406
385
385
387
409
390
378
401
416
375
396
483
403
395
405
420
380
380
391
384
375
367
359
407
397
387
390
390
418
407
376
388
393
410
405
389
384
400
376
389
407
387
380
402
382
390
391
389
399
396
391
386
396
622
438
385
432
389
390
403
413
440
367
393
388
389
379
422
358
387
395
752
380
408
398
425
395
399
406
376
382
403
379
403
389
417
403
402
408
397
382
383
400
395
404
396
411
400
393
411
385
400
408
403
396
385
407
422
387
401
404
384
380
400
403
411
411
377
392
396
415
396
397
386
394
397
391
403
394
415
415
418
393
375
400
388
387
423
413
391
382
395
398
411
406
386
382
402
399
378
383
387
389
403
377
430
382
418
380
400
426
374
438
376
383
402
375
385
384
392
398
380
368
421
384
467
401
394
398
431
428
397
394
403
410
395
380
398
413
405
398
789
393
403
406
455
531
456
380
392
466
391
394
422
572
408
415
376
577
390
491
480
397
371
389
559
398
517
426
559
702
431
392
541
542
359
403
360
349
398
545
391
394
404
407
513
383
407
541
389
407
399
455
428
379
386
399
395
424
392
394
394
423
402
422
402
491
373
421
356
459
402
429
762
391
543
394
361
314
410
432
365
599
386
522
387
392
376
407
421
400
396
386
377
382
390
423
400
381
394
407
389
374
403
409
373
401
395
393
398
376
404
365
433
705
646
405
398
627
383
378
395
337
385
566
723
382
375
403
408
422
400
416
410
426
409
415
412
392
448
408
377
378
379
401
411
409
387
452
452
383
400
393
390
400
371
383
383
398
412
388
393
396
392
388
437
389
393
412
1048
342
447
524
666
908
483
610
360
399
400
420
400
389
391
371
385
384
378
376
404
390
634
381
432
398
378
388
394
404
540
383
373
396
386
405
394
429
393
393
467
404
347
381
388
389
401
375
463
354
381
401
378
405
402
382
398
393
405
397
364
400
390
396
421
409
377
413
393
535
385
401
381
391
392
389
408
397
422
379
391
405
397
399
540
390
378
495
402
394
394
441
376
391
414
404
400
386
367
388
401
382
386
433
718
406
719
442
717
419
632
437
385
374
498
516
523
454
603
490
398
366
435
577
405
525
372
381
437
389
394
409
377
429
362
391
386
400
676
396
366
740
393
456
923
716
740
426
390
393
393
355
391
371
409
404
475
388
401
381
399
410
372
382
395
383
533
420
395
378
378
401
406
394
379
403
386
399
380
394
433
408
392
425
387
386
396
402
381
380
393
383
388
396
383
405
358
378
406
389
377
387
397
398
415
407
409
399
366
392
388
385
376
428
384
427
373
382
425
395
388
424
406
413
401
404
647
492
552
671
382
379
392
374
382
393
413
440
403
402
427
387
429
425
366
387
404
378
387
805
390
402
374
632
364
446
383
385
382
399
393
399
392
409
392
396
375
397
423
380
389
385
384
393
442
384
385
383
401
408
365
396
369
382
412
380
397
404
368
356
379
390
380
386
408
382
377
374
382
415
528
562
383
388
386
398
388
376
477
403
611
403
676
375
393
380
441
380
482
405
389
403
405
411
382
387
398
394
375
408
396
400
387
390
389
393
389
405
430
400
396
390
373
381
378
610
479
399
429
417
392
365
469
398
385
450
391
393
389
392
381
456
385
395
590
428
499
390
373
1183
374
636
443
436
536
533
447
636
378
384
403
370
361
394
638
371
412
395
409
370
369
396
401
393
522
552
516
530
411
626
504
542
389
379
393
410
374
370
372
640
386
384
401
400
384
396
387
389
380
463
2552
387
457
415
529
436
388
353
489
416
421
383
393
563
390
414
403
454
401
358
390
394
377
380
375
387
382
405
412
394
408
372
401
379
414
399
394
439
384
385
391
389
425
337
412
398
420
395
388
381
394
551
384
396
521
393
398
395
389
382
405
476
414
417
540
628
416
389
409
385
400
392
376
586
375
397
408
896
624
378
530
386
420
792
385
374
469
374
1102
667
465
464
399
690
432
594
404
646
348
379
414
556
409
380
392
459
435
351
482
772
379
404
382
582
401
396
394
400
385
392
397
404
384
372
401
432
398
397
402
413
416
370
390
393
394
473
405
392
414
390
407
421
385
388
383
382
385
407
473
387
829
437
392
410
421
402
427
379
375
625
393
624
382
379
388
439
394
399
432
409
702
419
407
380
365
394
383
430
457
402
377
402
392
399
390
403
393
387
421
411
403
383
391
399
388
398
377
397
428
391
370
384
395
386
392
378
398
390
413
380
410
381
399
381
411
387
413
392
402
374
398
405
394
427
386
380
376
382
380
377
437
404
385
671
407
389
398
381
410
397
397
363
375
365
448
419
409
404
399
382
382
493
510
384
395
395
402
405
401
420
376
403
407
403
408
390
393
387
376
385
417
396
383
418
379
406
397
410
380
396
403
384
391
378
383
393
413
389
384
396
401
407
408
378
392
375
394
392
392
401
388
424
379
371
402
388
418
400
396
384
392
390
399
385
419
373
418
400
409
386
380
395
385
395
364
387
383
392
386
365
409
399
436
372
377
383
397
414
378
404
398
399
402
396
396
391
387
382
405
418
408
409
414
382
396
440
385
390
372
390
407
398
392
374
409
415
419
398
367
385
389
376
416
380
420
383
385
400
394
380
399
407
398
394
401
388
392
386
396
409
381
373
400
396
422
407
371
389
393
415
408
382
398
390
403
376
379
395
400
407
382
390
589
377
434
397
367
387
379
386
386
375
488
727
371
568
388
402
1320
682
607
361
383
406
360
379
395
406
397
418
367
405
400
350
392
406
699
983
374
373
392
401
384
407
432
401
416
401
376
387
403
407
401
395
398
390
492
381
393
391
403
368
391
396
392
371
378
388
396
383
399
396
384
396
383
452
378
605
524
417
387
392
397
399
400
624
530
400
418
392
404
385
395
395
364
408
371
446
393
398
409
408
394
371
499
458
706
818
673
424
651
368
395
467
413
367
420
395
388
389
378
412
416
415
393
402
365
384
402
381
418
398
409
393
410
383
401
416
382
376
398
389
407
414
391
409
417
416
630
606
388
371
395
392
384
401
409
390
400
386
416
395
403
394
362
392
475
393
420
389
415
415
407
419
364
387
414
376
402
402
394
423
396
380
480
387
406
402
397
399
392
600
389
390
380
432
394
384
377
391
408
386
403
424
407
420
378
399
397
396
410
396
381
396
390
389
397
397
415
401
389
405
376
381
388
399
388
406
409
406
408
411
406
393
392
392
394
387
390
368
373
398
397
397
396
412
398
396
399
383
386
388
388
415
395
380
391
384
379
384
352
396
571
420
691
377
380
402
404
394
391
404
393
394
386
415
392
407
415
414
379
397
390
389
402
503
540
373
416
879
617
391
391
391
385
372
398
412
418
380
414
384
380
389
405
412
395
402
399
395
396
392
417
531
422
486
405
368
417
419
415
728
406
404
694
573
479
435
383
401
397
392
397
376
384
790
371
389
386
402
523
387
422
377
381
449
401
391
379
389
392
395
397
747
383
445
504
433
703
397
449
413
568
485
703
630
325
393
368
390
386
404
383
382
372
393
395
727
416
384
378
537
361
380
406
418
363
393
407
391
380
405
372
374
401
394
392
370
430
383
382
413
372
390
380
386
533
385
396
372
367
416
405
411
393
395
407
370
381
391
381
388
390
385
420
745
378
397
378
402
368
398
405
396
392
385
391
406
380
1064
395
382
378
419
393
398
407
390
378
355
365
386
665
378
384
381
376
385
419
383
385
385
396
366
394
357
401
382
335
404
445
384
405
417
391
393
393
397
389
406
387
390
375
381
392
398
386
384
400
404
399
392
394
411
376
747
385
535
616
377
389
409
392
394
393
385
406
388
578
643
385
401
384
401
405
427
370
422
385
394
389
383
359
397
363
379
419
413
389
415
398
377
389
372
385
388
389
389
730
400
404
396
397
419
402
395
396
370
408
377
387
399
402
413
396
810
397
427
375
410
371
419
395
415
409
393
398
417
425
393
407
400
398
370
391
392
408
401
396
411
424
384
392
400
386
413
381
380
379
397
401
398
422
378
395
378
400
402
397
405
396
470
389
412
363
404
398
409
406
397
421
371
387
407
404
402
414
426
415
405
422
398
390
386
389
388
411
388
392
400
398
387
412
424
412
394
385
410
415
402
388
394
371
394
392
517
404
415
393
382
386
391
407
389
393
388
399
388
394
412
397
393
409
382
404
368
425
395
380
382
406
404
419
417
398
407
393
398
388
418
386
402
408
400
396
397
391
386
416
388
373
394
412
420
382
399
378
410
398
413
411
412
479
394
410
399
379
392
390
406
384
380
395
430
692
387
1113
370
391
403
387
418
416
376
389
401
396
387
402
407
405
399
405
385
404
388
397
417
394
399
415
376
400
358
407
380
414
403
410
381
402
376
406
410
409
373
398
394
392
379
394
381
403
373
402
403
406
407
419
398
408
391
405
381
380
389
396
371
400
412
391
433
406
465
407
382
383
402
377
387
495
413
391
406
382
383
383
412
395
394
398
407
423
386
395
399
404
389
386
391
379
394
417
410
376
403
392
383
399
392
409
412
396
389
415
416
387
380
399
426
400
446
379
378
380
407
369
393
388
382
381
402
383
415
382
355
387
392
376
393
399
404
413
421
388
400
419
384
389
393
375
403
392
398
841
402
397
385
393
388
392
594
389
401
388
402
387
404
393
409
413
393
412
394
420
380
386
383
393
410
405
413
397
405
410
402
406
380
401
389
395
407
394
451
395
406
411
392
387
398
399
379
398
395
425
396
411
394
394
412
397
426
384
395
410
418
412
401
393
423
407
389
388
383
411
439
414
386
399
390
385
391
414
396
487
385
372
389
416
412
398
396
406
427
366
392
389
388
422
411
393
408
413
380
382
397
823
384
433
417
409
396
413
401
387
384
377
390
415
415
413
386
390
412
383
493
514
396
390
381
419
572
423
376
404
424
409
384
387
386
399
399
399
386
401
400
397
406
365
395
386
391
386
398
397
394
376
417
399
383
410
382
391
394
382
389
405
415
406
393
390
384
394
414
387
390
410
389
372
385
425
398
376
409
383
419
377
390
411
409
390
384
375
396
404
391
403
426
388
389
392
360
381
402
419
404
442
400
372
408
380
377
408
522
387
429
397
368
386
371
409
401
414
408
393
390
404
415
